0 0.484310 0.428870 0.062762 0.104603
0 0.493724 0.299163 0.043933 0.071130
0 0.575314 0.596234 0.056485 0.079498
0 0.434100 0.953975 0.069038 0.083682
0 0.879707 0.422594 0.087866 0.108787
0 0.838912 0.098326 0.069038 0.062762
0 0.944038 0.133891 0.072176 0.083682
0 0.073222 0.395397 0.050209 0.121339
1 0.449791 0.682008 0.056485 0.058577
1 0.443515 0.520921 0.056485 0.037657
1 0.418410 0.462343 0.069038 0.071130
1 0.430962 0.148536 0.050209 0.079498
1 0.106172 0.071130 0.078452 0.092050
1 0.917364 0.048117 0.056485 0.071130
1 0.335251 0.941423 0.053347 0.092050