0 0.369770 0.784519 0.160042 0.154812
0 0.294456 0.533473 0.084728 0.129707
0 0.565900 0.502092 0.081590 0.117155
0 0.658473 0.424686 0.203975 0.238494
0 0.636506 0.238494 0.072176 0.133891
0 0.525105 0.060669 0.138075 0.121338
0 0.203452 0.110879 0.166318 0.221757
0 0.109310 0.707113 0.128661 0.167364
0 0.804393 0.857741 0.238494 0.267782
0 0.933577 0.131799 0.132845 0.238494
1 0.415272 0.541841 0.062762 0.117155
1 0.754184 0.173640 0.069038 0.092050
1 0.241109 0.857741 0.078452 0.104603
1 0.036611 0.950837 0.073222 0.098326
3 0.197176 0.049163 0.273013 0.098326
3 0.084205 0.692469 0.134937 0.259414
3 0.893828 0.846234 0.072176 0.307531
3 0.686715 0.468619 0.109833 0.271967