0 0.239540 0.470711 0.087866 0.104603
0 0.405858 0.332636 0.081590 0.062762
0 0.765167 0.422594 0.091004 0.083682
0 0.975941 0.464435 0.048117 0.066946
0 0.700837 0.721757 0.062762 0.079498
0 0.523536 0.836820 0.091004 0.100418
0 0.733787 0.914226 0.084728 0.087866
0 0.429393 0.102510 0.078452 0.079498
0 0.205021 0.066946 0.106695 0.050209
1 0.484310 0.202929 0.087866 0.071130
1 0.197176 0.274059 0.078452 0.087866
1 0.849895 0.646444 0.053347 0.079498
1 0.639644 0.822176 0.053347 0.071130
1 0.857741 0.784519 0.062762 0.096234
1 0.437238 0.029289 0.081590 0.041841
1 0.347803 0.671548 0.078452 0.079498
0 0.410565 0.849372 0.091004 0.083682
1 0.779289 0.345188 0.069038 0.054393