0 0.426255 0.288703 0.065900 0.108787
0 0.118724 0.483264 0.091004 0.096234
0 0.060669 0.399582 0.062762 0.046025
0 0.159519 0.648536 0.084728 0.075314
0 0.354079 0.809623 0.078452 0.079498
0 0.504707 0.564854 0.097280 0.125523
0 0.856172 0.177824 0.091004 0.138075
0 0.758891 0.583682 0.072176 0.054393
0 0.849895 0.508368 0.065900 0.071130
0 0.785565 0.951883 0.050209 0.062762
1 0.365063 0.510460 0.062762 0.066946
1 0.052824 0.656904 0.065900 0.092050
1 0.046548 0.472803 0.028243 0.092050
1 0.520397 0.108787 0.053347 0.033473
1 0.714958 0.456067 0.072176 0.058577
1 0.729079 0.663180 0.062762 0.062762
1 0.845188 0.644351 0.056485 0.075314