0 0.463912 0.389121 0.072176 0.092050
0 0.104603 0.443515 0.062762 0.058577
0 0.194038 0.717573 0.053347 0.071130
0 0.280335 0.878661 0.043933 0.100418
0 0.109310 0.866109 0.065900 0.083682
0 0.343096 0.481172 0.069038 0.066946
0 0.534519 0.577406 0.056485 0.066946
0 0.644351 0.625523 0.031381 0.062762
0 0.873431 0.361925 0.043933 0.037657
0 0.802824 0.470711 0.047071 0.079498
0 0.842050 0.271967 0.087866 0.075314
0 0.816946 0.110879 0.062762 0.096234
0 0.548640 0.196653 0.053347 0.058577
0 0.372908 0.125523 0.065900 0.083682
1 0.553347 0.389121 0.062762 0.075314
1 0.451360 0.175732 0.040795 0.075314
1 0.051255 0.378661 0.050209 0.062762
1 0.156381 0.389121 0.053347 0.050209
1 0.026151 0.087866 0.050209 0.066946
1 0.162657 0.794979 0.047071 0.025105
1 0.223849 0.847280 0.025105 0.054393
1 0.959728 0.376569 0.040795 0.066946
1 0.914226 0.209205 0.031381 0.058577
1 0.922071 0.077406 0.040795 0.062762