0 0.106172 0.447699 0.097280 0.167364
0 0.292887 0.330544 0.087866 0.175732
0 0.440377 0.644351 0.081590 0.117155
0 0.644351 0.108787 0.087866 0.142259
0 0.288180 0.043933 0.116109 0.087866
0 0.860879 0.414226 0.087866 0.167364
0 0.769874 0.123431 0.075314 0.129707
0 0.955021 0.416318 0.069038 0.138075
0 0.534519 0.684100 0.087866 0.071130
1 0.471757 0.292887 0.081590 0.104603
1 0.669456 0.376569 0.081590 0.129707
1 0.471757 0.939331 0.075314 0.083682
1 0.358787 0.723849 0.069038 0.129707
1 0.167364 0.671548 0.081590 0.092050
1 0.881276 0.652720 0.059623 0.087866