0 0.656904 0.868201 0.050209 0.117155
0 0.481172 0.673640 0.062762 0.096234
0 0.248954 0.817992 0.062762 0.066946
0 0.291318 0.982218 0.040795 0.035564
0 0.583159 0.389121 0.059623 0.096234
0 0.300732 0.271967 0.053347 0.087866
0 0.150105 0.376569 0.059623 0.096234
0 0.387029 0.073222 0.081590 0.083682
0 0.868724 0.353556 0.065900 0.066946
0 0.950314 0.635983 0.047071 0.071130
1 0.197176 0.133891 0.047071 0.071130
1 0.911088 0.100418 0.056485 0.087866
1 0.862448 0.263598 0.059623 0.062762
1 0.925209 0.541841 0.047071 0.041841
1 0.580021 0.307531 0.040795 0.033473
1 0.826360 0.874477 0.069038 0.054393
1 0.214435 0.751046 0.062762 0.025105
1 0.283473 0.947699 0.062762 0.025105
1 0.412134 0.602510 0.031381 0.054393