0 0.198745 0.142259 0.100418 0.108787
0 0.498431 0.225941 0.147490 0.108787
0 0.120293 0.552301 0.112971 0.175732
0 0.078975 0.922594 0.157950 0.154812
0 0.404289 0.725941 0.091004 0.104603
0 0.691423 0.564854 0.169456 0.150628
0 0.719665 0.874477 0.087866 0.092050
0 0.845188 0.039749 0.131799 0.079498
1 0.104603 0.050209 0.100418 0.075314
1 0.346234 0.851464 0.075314 0.054393
1 0.500000 0.937238 0.062762 0.100418
1 0.027197 0.656904 0.054393 0.133891
1 0.482741 0.062762 0.097280 0.083682
3 0.661611 0.606695 0.178870 0.263598
3 0.062238 0.900628 0.103556 0.198744