0 0.622385 0.491632 0.144351 0.129707
0 0.805962 0.838912 0.116109 0.154812
0 0.960251 0.872385 0.079498 0.138075
0 0.879707 0.157950 0.087866 0.127615
0 0.655335 0.043933 0.072176 0.087866
0 0.274059 0.324268 0.106695 0.112971
0 0.121862 0.585774 0.084728 0.142259
1 0.222280 0.094142 0.072176 0.075314
1 0.528243 0.274059 0.106695 0.108787
1 0.842050 0.652720 0.081590 0.071130
1 0.920502 0.631799 0.075314 0.079498
1 0.291318 0.794979 0.103556 0.079498
1 0.090481 0.299163 0.078452 0.075314
1 0.865586 0.031381 0.065900 0.041841