0 0.317992 0.305439 0.112971 0.158996
0 0.554916 0.171548 0.109833 0.125523
0 0.443515 0.663180 0.069038 0.071130
0 0.520397 0.554393 0.097280 0.104603
0 0.805962 0.617155 0.097280 0.121339
0 0.898536 0.755230 0.087866 0.104603
0 0.859310 0.884937 0.097280 0.112971
0 0.020921 0.820084 0.041841 0.100418
0 0.038180 0.380753 0.076360 0.083682
1 0.408996 0.205021 0.075314 0.125523
1 0.630230 0.514644 0.047071 0.083682
1 0.029289 0.487448 0.050209 0.079498
1 0.063808 0.267782 0.062762 0.100418
1 0.746339 0.792887 0.053347 0.104603
1 0.667887 0.943515 0.047071 0.079498
1 0.799686 0.443515 0.065900 0.083682