0 0.183054 0.573222 0.144351 0.334728
0 0.407427 0.125523 0.134937 0.234310
0 0.038180 0.211297 0.076360 0.288703
0 0.266213 0.928870 0.229079 0.142259
0 0.658473 0.832636 0.141213 0.192469
0 0.944561 0.853556 0.110878 0.158996
0 0.920502 0.410042 0.094142 0.200837
0 0.682008 0.207113 0.131799 0.154812
0 0.848326 0.161088 0.144351 0.205021
1 0.804393 0.349372 0.062762 0.121339
1 0.915795 0.981172 0.091004 0.037656
1 0.660042 0.981172 0.112971 0.037656
1 0.065377 0.956067 0.078452 0.087866
1 0.205021 0.052301 0.081590 0.104602