0 0.187762 0.608787 0.059623 0.071130
0 0.310146 0.707113 0.053347 0.058577
0 0.419979 0.859833 0.072176 0.071130
0 0.495293 0.866109 0.047071 0.083682
0 0.747908 0.966527 0.069038 0.066946
0 0.985356 0.736402 0.029288 0.092050
0 0.561192 0.525105 0.059623 0.104603
0 0.581590 0.328452 0.062762 0.087866
0 0.901674 0.276151 0.037657 0.092050
0 0.471757 0.079498 0.062762 0.066946
0 0.638075 0.098326 0.043933 0.046025
0 0.237971 0.345188 0.097280 0.096234
0 0.324268 0.391213 0.056485 0.062762
0 0.187762 0.079498 0.053347 0.083682
1 0.256799 0.577406 0.047071 0.050209
1 0.671025 0.219665 0.047071 0.054393
1 0.634937 0.043933 0.050209 0.054393
1 0.536088 0.780335 0.053347 0.046025
1 0.424686 0.790795 0.056485 0.058577
1 0.374477 0.694561 0.025105 0.066946
1 0.959728 0.261506 0.028243 0.054393
1 0.962866 0.514644 0.040795 0.066946
1 0.791841 0.981172 0.043933 0.004184
1 0.005230 0.790795 0.010460 0.033473