0 0.349372 0.290795 0.112971 0.129707
0 0.085774 0.221757 0.094142 0.108787
0 0.142259 0.525105 0.075314 0.121339
0 0.344665 0.740586 0.065900 0.117155
0 0.250523 0.880753 0.065900 0.054393
0 0.310146 0.956067 0.084728 0.087866
0 0.746339 0.928870 0.084728 0.125523
0 0.729079 0.608787 0.106695 0.138075
0 0.949268 0.912134 0.101464 0.167364
0 0.708682 0.330544 0.078452 0.125523
0 0.810669 0.261506 0.094142 0.121339
1 0.445084 0.765690 0.059623 0.075314
1 0.038703 0.533473 0.050209 0.096234
1 0.013075 0.129707 0.026150 0.108787
1 0.940900 0.730126 0.084728 0.112971
1 0.482741 0.960251 0.078452 0.079498
1 0.903243 0.596234 0.078452 0.087866
1 0.642782 0.125523 0.047071 0.125523