0 0.277197 0.248954 0.094142 0.104603
0 0.028766 0.617155 0.057531 0.087866
0 0.206590 0.880753 0.097280 0.104603
0 0.503138 0.619247 0.094142 0.083682
0 0.421548 0.705021 0.087866 0.096234
0 0.733787 0.495816 0.084728 0.121339
0 0.598849 0.182008 0.059623 0.104603
0 0.636506 0.290795 0.091004 0.104603
0 0.710251 0.897490 0.106695 0.146444
0 0.962866 0.502092 0.065900 0.117155
1 0.528243 0.763598 0.062762 0.079498
1 0.349372 0.964435 0.056485 0.071130
1 0.616109 0.723849 0.056485 0.083682
1 0.867155 0.483264 0.056485 0.071130
1 0.076360 0.050209 0.069038 0.092050