0 0.131276 0.094142 0.078452 0.096234
0 0.419979 0.163180 0.053347 0.108787
0 0.216004 0.259414 0.059623 0.066946
0 0.197176 0.320084 0.072176 0.079498
0 0.479603 0.217573 0.072176 0.083682
0 0.518828 0.265690 0.050209 0.071130
0 0.636506 0.380753 0.065900 0.075314
0 0.244247 0.581590 0.065900 0.092050
0 0.325837 0.702929 0.065900 0.100418
0 0.336820 0.924686 0.069038 0.066946
0 0.631799 0.790795 0.069038 0.092050
0 0.765167 0.533473 0.047071 0.071130
0 0.928347 0.158996 0.040795 0.041841
0 0.878138 0.884937 0.059623 0.071130
1 0.090481 0.382845 0.034519 0.075314
1 0.953452 0.232218 0.034519 0.041841
1 0.703975 0.135983 0.081590 0.075314
1 0.565900 0.887029 0.056485 0.062762
1 0.616109 0.930962 0.006276 0.000000