0 0.708682 0.470711 0.072176 0.104603
0 0.139121 0.253138 0.087866 0.121339
0 0.176778 0.353556 0.075314 0.121339
0 0.408996 0.031381 0.075314 0.062762
0 0.898536 0.205021 0.081590 0.108787
0 0.471757 0.650628 0.056485 0.096234
0 0.478033 0.935146 0.081590 0.096234
0 0.107741 0.813808 0.081590 0.079498
1 0.088912 0.487448 0.037657 0.104603
1 0.084205 0.347280 0.059623 0.058577
1 0.732218 0.600418 0.081590 0.062762
1 0.827929 0.265690 0.065900 0.087866
1 0.454498 0.786611 0.091004 0.083682
1 0.052824 0.903766 0.078452 0.083682